10,238
10,260
11,14
11,9
78,1
78,0
77,5
11,18
77,4
77,3
11,5
77,2
77,1
77,0
76,4
76,3
9,7
76,2
76,1
76,0
75,3
9,4
9,1
9,6
9,2
75,2
9,3
75,1
75,0
74,3
74,2
74,1
8,15
74,0
73,3
73,2
73,1
73,0
72,10
8,8
72,9
72,8
8,16
72,7
8,11
72,6
8,2
72,5
8,3
72,4
72,3
72,2
72,1
72,0
71,3
71,2
71,1
71,0
70,6
70,5
70,4
70,3
70,2
70,1
70,0
69,3
69,2
69,1
69,0
68,4
68,3
68,2
68,1
68,0
67,4
67,3
67,2
67,1
67,0
66,10
66,9
66,8
66,7
66,6
66,5
66,4
66,3
66,2
66,1
66,0
65,7
65,6
65,5
65,4
65,3
65,2
65,1
65,0
64,4
64,3
64,2
64,1
64,0
63,5
63,4
63,3
63,2
63,1
63,0
62,7
62,6
62,5
62,4
62,1
20,3
20,2
20,1
19,3
19,2
19,1
12,3
18,1
12,2
18,3
12,1
11,28
11,27
11,26
11,21
11,16
